name: lj_get_features
channels:
  - defaults
  - rdkit
dependencies:
  - blas=1.0=mkl
  - bottleneck=1.3.5=py37h080aedc_0
  - bzip2=1.0.8=h2bbff1b_6
  - ca-certificates=2026.5.14=haa95532_0
  - cairo=1.18.4=he9e932c_0
  - certifi=2022.12.7=py37haa95532_0
  - fontconfig=2.17.1=hdacb8fd_0
  - freetype=2.14.1=hfbffc0b_0
  - giflib=5.2.2=h7edc060_0
  - intel-openmp=2021.4.0=haa95532_3556
  - jpeg=9f=ha349fce_0
  - lerc=3.0=hd77b12b_0
  - libboost=1.67.0=hd9e427e_4
  - libdeflate=1.17=h2bbff1b_1
  - libexpat=2.8.1=hd7fb8db_0
  - libffi=3.4.8=h2b21627_2
  - libglib=2.86.3=h9bccc14_0
  - libiconv=1.18=hc89ec93_0
  - libpng=1.6.56=h2854ad3_0
  - libtiff=4.5.1=hd77b12b_0
  - libwebp=1.2.4=hbc33d0d_1
  - libwebp-base=1.2.4=h2bbff1b_1
  - libxml2=2.14.6=h42c6e62_1
  - libzlib=1.3.1=h1c6eee0_1
  - lz4-c=1.9.4=h2bbff1b_1
  - mkl=2021.4.0=haa95532_640
  - mkl-service=2.4.0=py37h2bbff1b_0
  - mkl_fft=1.3.1=py37h277e83a_0
  - mkl_random=1.2.2=py37hf11a4ad_0
  - numexpr=2.8.4=py37h5b0cc5e_0
  - openssl=3.5.6=hbb43b14_0
  - packaging=22.0=py37haa95532_0
  - pandas=1.3.5=py37h6214cd6_0
  - pcre2=10.46=h5740b90_0
  - pillow=9.4.0=py37hd77b12b_0
  - pip=22.3.1=py37haa95532_0
  - pixman=0.46.4=h4043f72_0
  - py-boost=1.67.0=py37h8300f20_4
  - python=3.7.1=h33f27b4_4
  - python-dateutil=2.8.2=pyhd3eb1b0_0
  - pytz=2022.7=py37haa95532_0
  - rdkit=2020.09.1.0=py37h3d1ada6_1
  - setuptools=65.6.3=py37haa95532_0
  - sqlite=3.51.2=hee5a0db_0
  - tk=8.6.15=hf199647_0
  - ucrt=10.0.22621.0=haa95532_0
  - vc=14.3=h2df5915_12
  - vc14_runtime=14.44.35208=h4927774_12
  - vs2015_runtime=14.44.35208=ha6b5a95_12
  - wheel=0.38.4=py37haa95532_0
  - wincertstore=0.2=py37haa95532_2
  - xz=5.8.2=h53af0af_0
  - zlib=1.3.1=h1c6eee0_1
  - zstd=1.5.7=h56299aa_0
  - pip:
      - absl-py==0.15.0
      - astunparse==1.6.3
      - cached-property==1.5.2
      - cachetools==5.5.2
      - charset-normalizer==3.4.7
      - click==8.1.8
      - colorama==0.4.6
      - flatbuffers==1.12
      - gast==0.4.0
      - google-auth==2.45.0
      - google-auth-oauthlib==0.4.6
      - google-pasta==0.2.0
      - grpcio==1.34.1
      - h5py==3.1.0
      - idna==3.10
      - importlib-metadata==6.7.0
      - joblib==1.3.2
      - keras-nightly==2.5.0.dev2021032900
      - keras-preprocessing==1.1.2
      - markdown==3.4.4
      - markupsafe==2.1.5
      - numpy==1.19.5
      - oauthlib==3.2.2
      - opt-einsum==3.3.0
      - protobuf==3.20.3
      - pyasn1==0.5.1
      - pyasn1-modules==0.3.0
      - rascore==2021.3
      - requests==2.31.0
      - requests-oauthlib==2.0.0
      - rsa==4.9.1
      - scikit-learn==0.22.1
      - scipy==1.7.3
      - setuptools-git==1.2
      - six==1.15.0
      - tensorboard==2.11.2
      - tensorboard-data-server==0.6.1
      - tensorboard-plugin-wit==1.8.1
      - tensorflow-estimator==2.5.0
      - tensorflow-gpu==2.5.0
      - termcolor==1.1.0
      - tqdm==4.67.3
      - typing-extensions==3.7.4
      - urllib3==2.0.7
      - werkzeug==2.2.3
      - wrapt==1.12.1
      - xgboost==1.0.2
      - zipp==3.15.0
